18848
95950
288
45624
95412
43692
6288
8524
27338
14536
7354
68936
75338
48110
62778
10278
62334
74078
60666
91246
69490
37886
73030
32238
60594
73180
94150
51986
25934
60142
62558
86808
3312
42162
79404
19732
54624
76726
75332
9770
98208
89414
95514
76100
7564
74828
60642
34172
43946
56292
730
34656
15812
76998
61542
92672
78150
36376
93722
25372
5030
68488
33000
98406
8980
75276
28326
42928
73724
62188
29784
44750
11768
65244
17190
83954
56674
97360
18588
31300
21846
95768
86680
67760
37262
62130
31342
98230
61558
45090
17104
22428
52372
19524
56284
29870
10500
61856
47068
81896
88172
79954
3598
68334
83124
48674
35666
80224
71244
40864
45722
71522
98004
97540
85652
21610
99418
73414
22188
77348
4420
19814
49536
81502
24562
15770
92198
36386
31650
74812
4510
81584
81166
4576
65804
81858
17776
25062
34962
86992
32110
41646
69404
45646
70902
76806
20986
14486
19486
67656
28074
85786
61192
73402
13548
62792
77592
87356
29696
81740
69668
24924
80152
3948
91486
18460
51338
1484
70134
22916
9170
46784
36880
22482
68668
98466
46638
71246
16774
4222
16250
32240
10604
89594
65070
15494
44778
77528
10516
11814
4856
66464
39332
75188
24528
62404
32456
18110
36614
11810
93062
82436
82852
17690
64352
45632
75546
37988
15082
43024
56636
17456
72076
29890
4208
45058
47264
17508
36960
29670
91218
39398
87448
39866
12772
38066
46452
29882
13580
97346
69388
32566
44192
82504
98916
63952
78944
99384
8838
46620
89494
44934
54870
63088
60036
69272
77346
73802
46702
35260
15776
87570
90632
70708
66146
74566
87126
29070
35092
76076
15764
53956
96650
31606
44998
30022
84656
52578
6376
95328
2032
59934
38494
65594
80138
57188
29780
34702
4122
54060
65392
86918
8836
36148
62100
59448
81360
46442
98674
95968
4532
37130
40308
93888
19864
70454
60532
71396
74154
55502
32154
8482
31776
58962
33142
65606
5316
60290
94534
43210
71654
24968
9634
5618
90252
22906
83274
61946
90646
30892
61564
68242
73486
39196
58218
52154
52792
6980
99172
56736
43970
3986
10804
67862
8744
5616
82264
1192
49898
12846
11748
36408
18292
46312
25878
71264
81278
50528
11152
14014
93852
61530
2088
2046
33614
12616
2032
69626
1276
6610
10602
51118
79838
66732
1540
42448
95070
74800
55182
41786
9210
63300
57426
88026
44450
47178
73338
38804
93362
76208
17660
27876
14218
3730
33576
10420
71098
31988
20492
61604
72534
44336
17578
36576
63000
61086
17348
57098
40592
20672
39668
45002
51048
80354
59316
51076
2874
74148
60814
35474
56066
59464
68438
61052
42658
56018
67116
40850
490
39862
89630
21232
17318
73874
5114
51060
84468
97324
28802
54972
55898
88574
14408
50410
33560
53844
73520
94944
31466
49160
11254
7722
38694
97006
68106
89652
66078
4624
39132
20156
6402
2906
2606
26476
99020
66994
18118
1240
63246
6590
97936
19614
65070
42646
75092
1190
38876
57924
45792
69144
47988
43560
43790
99710
30944
80258
53844
17234
1462
70322
37618
74642
68066
33796
96060
73754
65760
22000
81482
35022
39674
24546
72262
78926
81928
3400
19122
47210
11712
21866
95140
77658
63672
45572
16526
1162
32540
3784
52850
98488
92380
90568
81188
51902
14636
74244
50708
70676
93076
70620
23614
98404
38432
32298
52726
22144
54430
82056
52906
76204
42406
52158
39372
69738
86420
64136
1650
19994
3426
74944
71958
77304
64804
14690
68286
42000
82710
16716
16930
21042
75352
21084
3198
23578
59112
23330
72462
43656
27194
87096
89366
40582
17218
75906
68310
94910
78724
66484
23246
95308
95828
98128
75604
79552
54514
90528
69344
5492
14976
14668
39548
16294
26954
80552
41556
31666
58184
40798
9084
59604
75418
60258
15442
79262
47396
82342
98230
51172
3070
83584
94578
93498
45388
27048
99730
51402
25452
57856
96320
82014
22246
19162
40154
49766
95494
93474
54280
73988
81716
39696
42968
79996
50410
42832
58292
9694
79298
90848
64604
46348
17206
25200
50188
77428
36728
65766
39652
55144
87206
11254
76676
20708
55744
85868
22242
3986
21054
66858
82618
22004
6672
17594
34006
35960
86006
66654
35210
614
42998
68656
90630
20580
36256
33354
89590
8426
47040
29008
3602
13404
8160
96736
74446
66510
68002
26272
94304
29376
49740
64824
45450
70014
72820
30892
50728
35170
60770
93258
98338
3260
78102
62326
38774
25306
34480
50204
52444
17220
14360
73478
40898
11842
23200
90396
55124
73668
45224
5122
9494
68034
49702
66968
26244
77902
47226
88040
50166
58556
25566
26882
27438
26438
36342
76730
17026
65790
45956
90678
88078
66196
38970
21920
75602
84286
25422
81892
93948
11430
83952
40614
26974
4080
98170
91744
60784
83464
43390
50142
35584
6210
82432
17984
68090
17444
32254
67566
11818
37984
97038
52904
79660
20940
15738
33800
44798
80232
35288
87128
51056
93006
99006
50184
38116
67384
93492
49546
65920
30328
66286
97250
85960
12248
80090
18522
32058
24248
68834
37202
25672
61184
36110
44226
47984
64784
3628
92730
18054
7168
15338
47302
25598
28470
17088
98440
45400
96596
2458
66900
71282
38256
16302
65196
42708
56006
28852
74
47572
97794
63316
17098
57910
92672
55792
76846
92314
86422
21700
39454
9800
59914
86544
61762
69534
82800
9350
83302
27578
4046
12962
2748
56782
68372
3322
30366
42152
77556
80890
78310
79464
71538
33024
6908
42896
34722
11536
39196
4354
84230
73692
11026
73094
13772
66200
99136
34396
30160
1472
89762
21820
83622
39986
40784
12440
35192
62164
17308
89880
59418
54078
15120
60118
24656
95152
57702
76110
21808
2756
53426
45696
60318
60508
22916
27798
15980
12608
54614
24050
91220
40018
72686
53100
29824
17014
59164
47940
87404
49252
21750
43892
8236
20248
79098
80240
53782
97850
54898
48736
15918
85462
8656
42472
16482
88248
40888
13542
30456
18616
18456
4484
546
37634
73536
50464
44690
57956
7146
57902
15654
18240
51708
65466
80986
44262
25286
82482
5622
30248
29454
92840
36706
36632
32020
13414
35228
90890
3414
91680
79466
5636
95338
57208
68862
10656
27898
30106
25498
22914
68934
47552
67802
16120
44414
61392
28746
44458
36438
65760
780
20492
72308
49848
91574
24378
33558
36590
12508
11440
45082
85442
39522
27326
372
48774
24130
62680
29640
16124
29316
13094
29452
12248
4258
37144
27812
22526
19530
4746
61256
47230
8090
51372
66498
1312
45742
28932
65554
93192
28516
90272
45826
76074
18546
31750
45804
24978
99112
248
25574
24308
60416
22546
37566
60500
41468
94386
82222
81518
89108
65514
18468
18398
81500
47632
42690
54206
65946
9002
75612
53384
51882
17576
57500
62970
65430
6866
5454
31330
99024
98098
33768
35934
42334
31246
92642
41678
10630
50930
25808
95580
67234
12418
42860
6878
51822
76262
51838
87212
68564
63878
31884
45856
82086
80406
83452
43242
37920
98942
5334
10874
77514
14440
57646
91504
21330
67534
76306
40098
45266
23912
76312
46226
31260
70822
70918
43422
44986
46882
94268
89782
31078
9918
70864
33328
91364
33212
12412
39638
94278
4550
88060
71328
63118
61354
81352
44420
96046
45176
11196
60906
12910
44928
49890
11156
96810
96604
88816
43674
69800
94770
69838
84366
98298
71378
55692
79270
46564
4582
70580
50984
4946
43430
21290
74002
92456
13358
20758
76808
75424
7708
39206
26112
31398
8670
69372
76042
69958
49980
91600
68518
16458
87454
46768
25360
30526
50622
48328
7740
76526
45160
30700
3556
60852
6642
79502
19296
19398
59438
36022
59150
13264
6572
87296
15624
31770
8970
63572
38528
20152
18674
54826
85638
50036
88546
52024
17134
75936
53256
62850
32676
74916
76554
93834
71706
82380
73704
38216
47408
2514
55102
18586
25844
9886
26084
586
72010
2094
35636
91366
95250
11332
19380
81406
28790
40160
44482
88196
30832
8150
12128
20876
33240
42010
42578
17414
32934
6856
3986
78254
78156
64556
8378
76284
79692
26496
58834
19888
36096
66104
18386
65062
67908
51274
36552
33450
25212
87018
91202
93846
8396
54406
90932
85134
84174
41200
67438
58942
75510
56444
74786
49994
14976
44974
2958
58942
55078
50262
1646
30178
69698
51920
85740
74418
93982
35312
16494
20016
89776
19724
13194
23896
90142
7034
12770
43338
70222
9234
29830
94300
68546
84274
32870
89700
25714
65084
64232
56016
22916
62446
84900
76986
17758
33086
41326
10606
53364
64420
74992
16668
74004
27676
8874
8306
63070
64320
41948
4422
6978
77222
12896
23076
26962
56368
68906
25214
60092
70080
6496
40336
71670
70494
30770
86440
32336
70938
66604
51376
72046
57946
96510
38538
16926
53680
534
94614
4814
32412
68524
86758
9834
75162
21532
49530
39978
66258
33044
88406
78276
69956
63936
70484
57744
34510
60528
69140
99538
74056
78106
58712
94842
90130
12060
80798
43100
23608
48630
7572
12800
14210
10290
33390
73376
14264
78508
95002
8498
3606
38624
89532
84654
23678
99316
30830
52194
90422
74080
85618
51684
51018
98052
40870
86712
10972
48308
41112
74738
27900
41752
1410
51038
34986
68306
79520
35714
81470
52796
53158
79994
39342
45768
79214
62066
36318
44662
9382
19848
29098
90952
20954
84434
30830
24778
25018
33404
60114
27704
58792
56360
87608
53292
37490
20656
15750
2330
8460
39580
25354
56164
35538
57410
12164
68070
76640
95426
35448
93742
1808
26372
73744
70336
43560
15230
49422
31366
80584
38476
93692
83216
1668
83794
92848
66704
11900
2410
86190
94962
5352
21376
35524
92
46882
57458
96508
5386
88004
97156
57220
44810
8048
25758
72590
12262
85034
45544
8744
73004
50906
83338
24528
28598
25488
57814
97920
88410
36420
79176
29598
4368
11802
43326
64098
91778
87198
4340
45674
20790
68548
5128
58746
64846
42270
63730
92726
396
56520
66530
99360
81878
2364
58160
36930
99594
30518
91846
75108
77016
11256
31022
79316
42396
53132
1218
51668
84848
4364
80856
43714
34690
43536
44082
50942
38732
29026
13648
64170
48954
19316
89664
8334
69136
94526
97012
3498
54318
45016
35598
13934
1412
49554
97906
67646
59746
74200
88686
9250
77114
20242
53704
17134
88464
97022
57996
96450
42396
98808
11874
80102
49428
63570
97394
94132
66944
56720
57628
56262
34108
44144
73292
91840
96404
34230
67982
36936
14398
49576
98384
48028
27546
66886
85338
76678
46984
19580
28450
80798
66952
91448
17116
79160
35922
15166
34792
55558
61728
36534
22064
37924
19062
13486
48860
15036
954
35202
2694
73056
81350
75342
52648
32532
51578
72220
61758
51744
45000
57900
41130
57624
31062
34102
27766
74076
56576
42260
99316
85156
87074
99802
63418
53836
80034
54912
86364
20048
43070
49132
66912
18560
54
3376
45450
18924
42424
5634
97198
11198
59490
19734
64408
83490
12122
58268
74876
75048
78766
6220
76492
57144
460
40560
85252
1532
97566
80896
2728
83162
35474
82818
33244
35956
73006
13196
41134
27056
90224
31588
84076
86880
64752
33380
67232
48354
25924
10784
62654
88
20000
21734
19052
91370
86660
84894
17868
49644
88324
42822
4812
63276
26590
23454
99526
62504
99762
71894
94304
21864
76196
30376
80074
17088
24
87242
16990
35750
81274
62980
65216
23278
27938
16434
716
42358
89968
83390
51922
59080
11844
50726
84090
25314
28872
62206
78920
96052
74518
76600
74698
67240
60616
64234
63596
83614
5402
87324
67466
15352
85714
31950
68616
76768
55578
18852
1796
3168
91556
95362
52476
95824
67864
37070
3032
55438
77588
26904
50688
75320
8732
80280
94312
94314
90404
41572
49364
47632
75966
66218
91422
85492
14440
72562
90576
24534
10908
84010
72362
80816
58350
96790
80322
15192
80062
3110
66252
95742
25092
13784
23688
214
37154
67200
8764
63650
46240
78830
70846
63676
60212
25606
1158
75440
85156
28494
54444
73690
82268
91816
27162
56106
89170
12752
91194
19538
28954
30430
73438
82440
83094
32422
2214
63270
57574
61644
45374
72622
88564
2452
93382
61536
5866
23820
36052
20898
1226
54400
73632
85574
72866
95286
59092
34882
36820
37414
47462
61276
3110
38594
26744
36658
32030
63730
96094
7306
99918
58706
39960
87056
25766
14736
76814
65836
85640
36078
37882
51872
38546
77868
6128
34318
32620
49584
3742
54324
29700
96152
43798
30756
72264
5878
88524
28624
91542
60126
80664
87442
7934
3390
5928
64320
42680
55194
7780
86190
95724
15920
13648
21366
98132
21448
25118
42216
5638
25538
39654
44964
83428
14054
37120
55406
67060
69360
79272
61262
60040
77272
96774
68698
68708
55950
85446
33700
42774
32970
68366
79418
81434
49570
33140
83426
67160
63736
95624
36322
60104
66280
11674
61994
80974
94340
69826
24668
25176
67760
13864
41332
9902
89698
80722
81150
56330
71660
96738
92984
53336
92976
40698
84996
47246
4520
22296
35882
69208
42468
47786
93774
75284
20464
57730
43418
99118
32852
82340
87304
11710
98494
48536
60602
79780
95450
56474
85126
67596
46068
69014
86556
50842
12110
65504
15848
50974
78720
57792
51808
21688
88510
74038
57140
63294
89112
69192
93522
63114
98108
18502
5618
31864
98464
90748
43256
82942
97240
41434
79644
12974
98534
66490
80152
2984
35792
85756
51464
35198
57302
39928
8630
22210
72352
45220
11250
82798
96150
67184
22596
79784
38232
18048
15882
83392
61524
47004
87274
61490
35336
96688
69304
7520
59440
53814
86744
66110
89846
71746
52050
90646
70378
40536
57644
13602
36704
38138
34118
51104
37134
652
28818
79324
82826
54116
78998
92850
4914
47500
92188
7086
28088
83860
37564
94556
46098
18822
33410
28716
25564
47162
78138
75808
89256
54618
12322
41840
58160
67552
3982
49738
54634
46082
22168
31716
96542
33254
48146
58110
41358
12632
26728
63480
55878
28844
49542
6964
31936
71706
23602
71134
85464
13156
65332
68998
13566
7934
48114
3090
30920
24182
16730
92958
12492
67344
43648
17386
57640
59010
89624
22782
28990
71904
62656
66962
51618
89934
4762
47078
96616
45136
96706
37020
36386
51032
35310
18920
41220
73068
18170
52002
42812
19628
6798
93982
49702
85586
22340
56510
30838
32330
18652
32806
2846
23440
42552
32342
99160
3532
37880
48848
24158
11462
50952
78502
19356
58652
64758
10104
79484
94572
5904
90120
18206
29322
61738
17862
49004
48090
65644
89976
71238
77642
61786
64424
73366
64524
60994
40214
94756
71368
28488
84474
11272
20864
39654
38340
52174
89698
27242
7182
2508
60012
37398
91502
19610
84348
28480
80512
15442
92022
12626
46482
27770
65508
79666
1010
74680
57402
75886
77348
82298
19928
12190
70728
97048
97134
38600
57058
32266
7076
66762
60018
5504
78436
71416
15752
12450
97182
24038
71642
26256
74554
64850
96088
58516
74472
37132
16212
25228
60610
50746
57388
21666
10564
9224
54216
39706
24480
74736
10588
45292
36330
41610
88564
89362
43886
65914
66504
86822
29332
82714
39630
96546
34576
50888
64844
33706
31274
11352
7598
9016
73734
94232
73532
69782
83434
76916
1144
93148
41276
65146
75172
55712
90358
66436
36742
56390
45168
49732
65338
51480
18456
8264
16244
68724
4624
86818
5296
608
98610
59034
2498
26650
17752
31454
66426
84434
91180
57262
80108
96480
48414
42020
74674
31188
76378
77888
53446
23256
61890
62898
6068
78622
79992
45706
45166
10798
66162
64396
91894
13386
17734
17710
81368
34968
97780
86792
34094
75606
10802
30760
59960
73144
33926
91794
12438
60948
93428
98220
81590
2094
24374
93842
47832
58128
56236
83194
15916
53600
24998
5488
90960
93014
11612
34568
48320
33694
89530
13124
11470
52704
83702
48518
8510
61372
66760
47898
29264
11494
4624
70202
81330
78898
64004
56002
77770
40542
69854
5712
5876
99752
48252
58250
68910
56842
95726
23906
99446
8352
2870
29688
5848
34018
54998
92238
48880
4668
26682
17152
56186
35434
38306
36000
89480
80928
57930
24614
38658
56852
30636
48386
524
31450
56290
51548
19974
47568
74834
57472
12422
4330
18674
57542
99478
81568
60652
63528
78446
54726
61086
33320
85210
17516
76498
26262
21272
42120
72070
42000
21858
81720
78830
79198
55640
79518
56782
62780
50484
36044
68806
7554
62928
85966
41008
60782
52656
35728
7040
73408
80808
10604
54408
59508
15798
89102
2346
68260
76598
6142
74406
38940
30814
59038
53334
62654
7428
11462
92942
68002
64702
44416
45226
55120
79812
74706
62846
36252
44144
11508
37808
38436
37392
46518
1974
58292
11448
75598
68870
68580
85448
48480
87258
21230
354
83404
6790
58718
43108
40466
57016
49110
68338
15478
20796
51774
94416
95164
36484
79786
28506
72684
79432
68036
57446
68244
36304
89182
79032
47736
79128
73740
32390
26256
16610
26832
46824
61860
58690
61762
98752
35790
30008
52178
20640
64096
69092
61530
84944
6034
70270
95682
38160
24110
91512
33638
26246
51268
89630
66986
93492
97532
27480
18778
21434
59814
19520
55358
71974
38558
78968
17184
72420
58958
95656
67176
75810
61966
37430
42740
55804
45636
27858
93112
20922
55202
67086
81202
21186
65686
11312
63070
43840
53798
52228
16856
15500
55188
704
59202
52076
75756
1834
41084
4070
68784
67322
70834
88688
23880
80986
90426
99864
96904
27190
28926
28058
52826
14074
2772
26756
15480
17262
66964
6066
28384
23904
51698
18928
79704
68172
54372
28868
46678
6676
49314
50372
91084
76500
47240
24364
22978
61848
76886
26050
53872
13512
46196
19724
55182
65244
48800
41888
93832
40858
39322
60912
4954
48574
94266
12412
34018
26606
1084
23158
66972
82940
94498
71074
77968
1042
44034
12534
97478
8732
40218
53224
23340
85644
64076
34174
20166
36708
58276
83330
34118
78104
71528
49596
7328
24282
8110
43654
73506
83338
81918
77872
90398
22290
33010
93834
12208
36472
24022
15002
65154
62598
95622
84738
93618
50058
7546
58406
66990
90792
75360
91948
29338
5176
50240
55988
93420
87416
13522
86174
34792
24414
7512
81160
56482
8014
87890
66582
52926
60048
20000
27100
64976
89350
36374
69696
27032
80882
95344
52832
10240
99356
77182
92508
50376
72312
82462
24006
59522
97238
37764
59712
22704
57196
29760
80484
40580
87046
88848
56816
97500
92868
65242
8028
25158
38672
71500
56182
21886
45272
62870
24578
95186
93320
59218
44776
85908
4036
14376
11338
65794
42058
69338
43744
19478
45008
97164
55120
72250
21600
81620
19554
2488
92162
17342
38990
61614
40792
85396
65128
24202
17112
4282
42766
58986
20080
98414
33246
23512
46626
61504
18050
32712
28124
69478
5914
6716
49458
46940
29754
5422
30428
96526
61752
44626
46008
12658
43750
80640
4922
12120
35876
57394
39160
87502
39962
62834
1436
10282
45930
77590
95908
51336
23420
64774
19970
88990
81626
39908
30558
11406
47664
178
6604
65588
55172
99412
63182
14354
34348
1286
51444
73174
83018
27264
80106
37766
39384
16450
11762
83644
62620
42900
4228
25468
19974
70958
15036
22958
87020
50514
73632
72730
29248
78662
41170
3366
51702
97142
66836
17568
5312
27330
15744
422
87098
23350
44884
20184
39356
94354
63956
34980
38422
66598
9532
17358
8152
19370
60082
98228
80030
85694
22358
43102
34726
97796
31844
54960
48994
95052
86674
57580
61966
3606
38362
80594
59908
89614
43892
39748
98836
24476
5080
14762
90264
70890
92800
10854
26364
47940
688
78546
51288
47886
43724
5084
7438
29770
32966
10740
1642
92850
2238
83628
61590
6704
96904
66172
19648
15666
23562
80624
98642
71118
69556
79238
31292
25700
50252
21514
41020
11268
40424
61178
78160
79886
49350
91824
8882
59562
31376
5468
23122
85936
58964
66508
13870
30560
4664
60298
26504
15770
10444
84496
95986
57896
18582
42368
24588
19968
27102
68324
19388
7258
40476
78330
83676
68462
41496
68308
74670
84152
9704
12414
52422
92786
40524
75578
16966
85962
49190
76022
50378
39200
16770
99546
72980
26980
55042
27184
92186
91892
4088
58652
54964
35290
56366
87724
29388
50186
18480
63666
41682
61156
55702
29408
81128
21290
89130
8780
46146
220
58090
78360
2546
21272
20844
90056
850
29406
99146
38096
85178
76236
19696
75502
2270
71198
7970
77536
43662
9394
59658
18176
78962
98590
9926
81850
60394
80844
96868
81234
55534
77098
68388
65372
92002
53486
65446
41640
73718
54016
73366
5192
72146
91828
74500
49400
4238
26502
7264
62580
48236
91888
48096
67746
73310
54900
87076
14202
83216
42078
66672
3384
28144
97112
96980
19774
37040
39972
79432
63500
45276
70000
8798
76874
74548
36948
79984
52998
13516
43264
75592
10460
19372
67176
39544
39152
14136
48104
5484
41682
1386
35372
41518
50750
31622
65200
62970
72696
76348
41474
43208
36350
69872
42946
23228
12534
88168
25176
312
11222
42392
24368
57140
91544
9532
8434
14700
27666
89362
58480
22546
50328
66318
47066
88536
78406
79820
21336
77506
54134
54602
1894
85720
98584
40674
51214
30588
1538
81794
77052
16040
41076
55186
27522
93364
39960
61826
59056
43534
5084
13746
24904
93234
32164
85594
83932
39472
38840
79946
54018
25048
36422
2202
17636
15004
69874
69098
33494
16772
74626
51706
27674
66504
35352
34942
59198
88358
1216
2678
1378
38920
22736
44678
75210
9026
33036
62268
86500
21930
91682
30874
26264
31162
9620
19782
38898
91524
54190
78696
27056
17472
8040
23952
77984
48936
54882
23132
58350
38802
26894
25338
44322
25554
16198
67432
78952
22440
79920
79882
6028
83128
98252
79312
88330
77396
16054
21230
49292
93808
37598
12438
53188
14384
38174
56782
26352
99310
52098
52944
54922
9574
24874
37014
36320
78818
37270
47522
4102
23338
64796
11294
76050
85364
20760
13024
89894
10644
3186
16428
73084
43748
7406
21368
3218
51746
356
79728
71382
93484
37180
77588
14714
28930
576
7088
97830
77094
74276
7254
32446
98122
73890
76586
70620
97978
61052
65188
30070
24734
55466
13510
1172
33416
1492
86882
68722
47528
71932
28488
29476
39470
86756
41272
18764
45076
68568
86884
75978
66850
3420
11448
48410
7412
94472
85338
92324
11596
1748
40230
36902
42716
60634
69436
64396
8356
67434
87258
54474
65650
93750
85416
91666
61364
42424
53908
4314
87376
70644
57180
6368
54418
1486
2212
31294
61732
2748
76924
36134
56636
86312
97692
56000
66996
45522
21334
81146
46932
59062
62860
69858
16508
9222
80168
2730
73966
84176
89780
1572
22200
19520
42102
69724
92084
97328
12012
29036
38152
57876
60742
79108
31038
54844
21266
90586
37766
51556
11398
12296
24518
85066
46938
92260
22444
28488
12764
2286
17180
4176
22236
3124
14040
37566
98616
95298
38892
6500
79010
51504
24636
85358
27864
60830
83698
96656
64728
74034
50672
95964
1490
11510
3418
13290
13574
44304
2942
5310
45392
2096
66106
166
32902
87502
62716
36600
31852
90524
5832
60142
84308
42206
98734
47092
13948
35488
30500
45260
57774
92542
56792
23018
8002
55304
65608
80406
53068
28210
3578
90946
91862
67598
18872
85916
5636
24492
84242
50366
93036
52810
15528
93998
44380
88634
54786
39318
14602
4306
26476
74220
28134
25386
22350
99106
58654
51804
12616
78804
78730
98752
55742
95876
49534
68098
30628
37544
81494
48430
2368
67068
46952
25142
80232
52088
6408
81960
9516
91770
80060
16720
85868
14916
75722
30564
11070
54192
59640
79094
84528
67750
18796
41340
4368
40672
3580
74000
83386
54656
8494
35422
46684
15734
98630
64818
34448
98462
90402
79960
69912
17188
40724
78854
45338
2818
74220
58970
49882
74024
51498
87700
1854
11928
86590
20676
6584
39026
21450
90302
41676
73084
34268
5896
93146
38952
82356
54516
28026
56286
9682
28704
94536
75896
33812
34546
76552
93382
34134
15708
82306
78036
72626
77124
13822
73280
10694
61320
53352
1578
45478
75828
91420
96876
25598
67066
15828
59648
18408
78024
34728
54148
66634
53556
29750
34640
22168
82378
25514
28960
62186
73818
51690
64344
58256
12044
22370
27510
4154
932
16326
31552
85294
62928
74180
8542
26772
43304
86430
1690
29368
21176
3992
52296
46982
96168
74184
33476
7058
17006
1808
46710
41658
53486
48876
490
84900
11276
75172
38030
76016
64506
29748
16566
74484
72512
71476
25704
89290
34184
54424
62784
54898
40020
31992
86304
95158
43164
38794
39604
41874
93308
78778
1230
38952
83342
62198
73874
74046
65658
35550
25980
96402
80224
80960
45038
59996
16210
980
92828
43386
6094
23440
11372
66054
54666
45172
37964
10744
99996
42946
13352
4442
89066
81804
47858
25250
44944
77572
29080
96772
45042
58208
38310
69068
53192
31508
26090
53610
14644
64872
294
70402
43184
38870
36426
39734
38278
44056
88428
62780
71810
31612
95838
89290
6596
60320
39936
79994
29416
55280
74154
69796
65520
11540
62958
34136
21098
53014
38488
93972
41624
59538
41062
40088
7556
17970
31222
68802
36902
6228
39210
29046
29506
49952
61508
98922
98066
52578
70358
63704
78182
22830
75906
6454
5516
58878
54018
2856
76382
24180
46150
1700
57980
6928
32082
48132
2714
6710
41482
86038
81752
84388
2072
47202
2008
98164
84348
41562
51386
26478
45240
58580
53388
93638
90694
8102
398
90314
10394
30930
96428
94082
1988
15208
83588
48782
56188
54992
93868
97646
11328
6666
7708
25550
7012
32434
92406
34614
96530
15616
89768
47096
66874
21238
92506
93420
94106
10574
97970
69672
86370
26532
27336
61004
99790
50532
76400
10134
53432
13998
71484
54042
51702
86546
32438
18360
28660
81780
49290
52170
83656
15052
45706
96990
16028
30878
2144
34798
73392
86312
84754
1772
33270
77828
62282
30466
77370
65994
76304
10050
19804
62270
26888
96014
46204
78218
74956
59086
22550
69568
58936
63774
96250
84286
29670
99604
65688
22142
81602
99318
38428
15750
67644
11286
61384
6544
71328
27546
52774
2624
9648
86790
87886
16048
13628
73214
21260
35354
98844
81198
20862
55796
85590
46350
79410
56122
95160
64140
35196
93682
41074
63352
53576
72414
79168
51436
67296
87134
46192
32138
79896
90886
64110
90770
28288
74748
34630
10528
88262
97064
59808
42064
52546
70666
77238
48988
27434
40256
71984
59020
70506
7890
44490
58568
65824
19430
52502
6208
11728
45662
34382
25668
51276
97554
56816
31822
93918
500
75656
84058
76070
35660
81148
67792
10384
47742
68788
99536
28226
58986
93090
34072
3170
29138
97932
80038
81026
53106
19262
518
61484
57672
11638
21356
62858
40998
71922
82802
89054
50242
24446
49168
18712
96212
16270
96858
95996
27672
20072
18590
63194
55670
36326
16098
23604
48556
408
29808
59234
97638
528
9618
91590
6940
42434
65186
56056
6742
26472
36324
92266
25580
17670
86150
27392
56754
942
38294
81914
4090
36856
14932
54288
32890
74336
8044
28652
88362
6872
55470
45324
53682
78562
38714
46206
24468
86062
29690
7726
23590
70256
77196
42802
28702
53202
99430
14650
91590
49572
91896
85776
58154
73642
20612
60802
66798
12018
99882
89202
9270
48662
63650
52226
93712
93842
45688
4346
11580
74896
3368
1364
68802
51516
31928
6546
2938
53364
41142
67742
52198
42066
87792
82242
10600
38580
40062
27446
7890
25200
24650
81274
46738
90754
46492
6414
4198
6072
13990
79258
55878
8242
2946
92780
52052
38340
89742
29962
36194
29476
90982
98466
23850
83812
55742
15638
88744
83572
39376
68402
62632
36724
7152
87940
47030
81384
51474
6174
33834
80176
38236
62784
65502
58084
92158
58368
17274
97640
72098
86108
84732
64926
83866
22488
82802
66014
29322
16766
56382
29976
59246
59662
49678
60976
31902
62728
2328
64492
71042
11704
48300
87348
80746
4176
75032
22746
9622
1574
20078
11052
44864
17528
48490
81292
14542
3360
56314
95978
1050
80850
19242
84344
47100
92534
6670
14268
7076
23646
39922
25598
55752
27968
92364
11266
39348
13020
68032
59158
72364
45822
99648
5102
74392
66856
94944
27350
99102
46828
22770
28512
63212
76666
8930
97714
40038
78306
12958
37066
61624
77506
99404
12950
49540
79042
36784
20920
79738
88918
78918
94422
61450
13818
9552
97332
96742
67562
29984
10382
8826
14154
12492
68566
10762
93026
97930
63228
72828
59088
502
40472
58380
55352
45366
56034
29680
20918
30994
93320
92582
67640
17074
20028
3010
42614
55690
88736
84324
10942
34704
71626
94500
22014
90438
97036
46096
80086
68584
11722
81162
12044
468
97348
62544
26862
72082
82822
29286
66070
20714
79852
52048
2054
36100
94270
56580
90150
75116
63498
99476
65212
10286
76802
24822
54918
98724
89884
89532
89170
18604
25854
18798
51604
39826
43026
50566
6102
41590
83082
95570
60646
23720
83648
96036
45106
29196
79040
30326
7050
30054
6022
76944
88688
47884
8626
24444
41432
13526
75534
94344
91004
78448
17556
16554
7396
92682
64506
12418
36034
6560
27124
12054
73368
1582
67592
11426
5936
21054
25620
74350
11470
90018
44400
82786
40440
47796
81114
61276
19488
57020
23152
55166
70696
90970
88904
21406
51442
17388
34914
48882
34504
7100
26282
56244
69938
30666
15758
39306
30300
78426
39184
62368
65480
51358
81536
53208
35106
16436
52300
6162
15774
52244
91530
73082
6930
32040
89712
72720
80564
73064
56110
84096
21062
57166
28586
760
55736
64306
71436
68892
7914
47056
61086
39968
14542
70304
55588
53708
71482
23810
5682
29454
48634
4950
10542
52850
38292
61480
25262
55044
84314
63692
56758
14586
21640
46582
71730
36116
34344
21230
89266
46552
11926
52030
49416
37356
77824
26182
21158
98358
55858
21568
85282
87108
4548
75880
35004
48956
14420
46164
67564
10546
29702
25288
86690
90166
52560
70446
10236
22586
65626
93374
28458
76358
64624
660
85230
17710
51940
32738
63372
67010
87518
99088
66058
95330
78318
36440
58616
13756
1724
68384
78940
48384
49240
52478
40952
88262
54774
46054
96604
50620
22738
15304
56066
54914
43730
49164
65044
5930
15202
67278
10678
126
76666
606
38194
88664
32616
95354
38056
15976
60874
25542
12148
15730
57426
92468
85052
53146
62920
73222
52036
23796
75892
71598
82574
99322
51780
69244
44010
18854
19364
53800
66848
81936
46934
23794
3762
73400
9768
17738
46060
69272
83406
36434
57128
12456
4368
31454
79426
93566
92612
38050
34816
28178
79440
40134
80286
33352
21298
6888
51760
50288
34622
65634
13348
17490
45264
41902
91598
8386
66666
24872
96260
15754
33328
28770
81576
85528
36614
92976
88242
99104
61610
9236
5330
83142
11684
8520
89688
51968
14148
30764
91154
47726
48482
59824
53470
95292
69260
73582
21046
57854
25114
24438
23736
34678
56240
94878
22994
15392
55016
68602
59194
76114
76842
35478
34398
16586
37376
40048
99764
1746
25456
17490
46146
87136
10208
83370
92014
76292
15676
14660
64482
48714
24030
9020
41226
63086
73148
87424
24020
32638
33666
52052
26198
52518
66320
70366
4416
874
67982
36522
13294
12430
69394
41240
87668
7310
7316
57054
72952
28170
82706
6936
32460
70938
69442
37658
58940
67408
35394
55532
69132
77718
86006
61096
84470
40268
40698
70022
10606
30032
15756
32812
33592
69602
66802
5444
46790
92650
66862
19204
5658
54804
74224
27372
10802
33712
52478
37620
96736
35006
7612
64346
81982
94280
60416
70116
87644
13054
63346
56558
76670
98460
13552
12662
80258
4574
39192
60006
86544
24746
55656
79384
96792
21946
13264
89118
46550
47912
39332
11856
45914
92566
80836
22080
5918
89114
84902
41902
99514
83334
75496
8086
57182
55952
51572
46174
75248
83612
33770
39030
80228
4660
87416
22162
24678
65314
98194
61772
95444
57656
92156
39046
71542
80066
49950
52088
9392
55712
32066
23876
26490
93418
94680
78626
85078
72544
60300
62668
98578
53846
19398
63926
84746
96634
35266
72430
30508
5202
62052
17860
86576
77866
58076
44834
20802
12632
9950
1532
42306
63452
35040
75356
8620
64556
46624
71932
36168
18942
8000
28250
48162
33020
