10817
27023
59087
89711
77099
99105
95795
16555
63109
74677
35133
7905
28739
22471
77469
1745
77703
28055
2791
75361
78807
65445
33055
34571
42555
57137
14487
41267
3811
66839
57815
73227
93521
32003
25421
88021
90205
87437
12667
23551
61011
78769
81051
54435
53009
62417
98011
59205
93825
99283
64371
50517
97761
84893
28873
56629
32031
91137
76479
58765
26393
44369
60091
44583
22159
31889
65761
17363
31921
37545
27967
35525
68061
90133
13939
92381
88109
38363
26619
7489
10855
55409
987
30683
88191
87793
34841
21149
18979
41325
56121
20109
71947
83449
38701
25513
63721
40353
32383
7127
5137
76425
19793
8703
48617
64141
21151
92119
509
87269
45911
81465
31577
77587
77751
15259
58407
69153
80873
79595
69459
12775
60175
87883
93851
645
25449
70817
23139
74271
56507
15149
81491
11349
2665
2931
69433
96519
5687
523
67727
80075
46035
30279
34093
23993
959
11855
47355
51943
74199
37099
29123
1233
73325
59987
57765
9371
69551
87461
67621
85423
63527
2203
18903
48367
69791
28425
79755
98131
3695
74535
70425
23505
33129
77917
94329
53347
69697
65757
67907
2729
40629
72671
55281
89261
26137
63047
44069
59145
69853
30587
90509
86883
80751
58279
19771
28037
2401
98345
62495
6887
44683
40013
39589
56315
16607
1829
3785
36641
67269
78213
17985
96123
6167
64819
69785
16471
2585
11143
72619
42743
37127
93591
81341
36385
10787
52355
26863
85623
31785
85089
8521
88889
19111
1555
55653
94957
40141
56301
69935
99433
21525
85155
743
21723
25499
90835
51855
41639
65583
64435
43987
66051
97417
79437
81289
30961
67753
41265
72439
1851
8047
28397
55791
13085
74025
59731
33773
51821
97809
13977
60781
68935
20651
76489
21619
95689
80245
96257
1031
62543
18647
66939
6815
71261
25187
46731
23007
49035
77969
32731
59603
41977
77321
2045
27655
20737
41471
55157
44049
10865
9331
72155
16083
3747
55245
78021
37013
2559
70151
62607
7945
40617
69367
71501
59541
16259
43019
23413
77417
52211
81353
96531
16523
31249
94359
42107
13827
18113
37085
36873
42333
17379
79111
72549
24151
59703
40123
67747
98289
27471
55123
18021
84409
16419
97361
81083
2859
93683
72403
22821
53239
97191
14795
92297
82177
70663
87691
77379
65583
90129
32239
25501
24867
89347
60577
69119
8205
69715
10147
94357
91407
66613
19383
32737
51419
82433
23711
34151
59565
61841
30931
29183
551
90163
48859
69427
72983
52127
21345
63135
71189
33943
87349
49733
91583
94403
36859
79783
97813
11677
18581
82605
98977
14117
26577
9643
48667
76677
84001
90341
52659
43691
58351
81975
69371
53991
11667
31323
33735
45073
16729
14185
56227
86473
58993
1359
85551
83675
78615
5513
60675
67047
15757
82963
39651
46369
39805
62759
93327
72107
13885
57579
56465
35837
22417
37721
42477
26213
8459
25093
41713
32801
8313
49295
55375
26937
65279
8381
21107
70041
29515
21671
3651
81441
49539
42973
35017
35293
84953
3149
369
39199
40537
71963
8299
99325
85053
10887
46691
52343
4847
95935
69197
30029
32885
37989
73113
9803
49277
29929
19865
29577
33103
12239
60349
32909
79887
79339
64701
42515
99115
95005
61801
21649
3085
82457
48897
10057
59011
97613
13857
36253
36909
99979
59085
35153
7977
45311
35141
55449
85825
59993
42819
13193
47039
74037
75707
71193
16731
62765
92069
29261
33871
72091
7209
88109
70557
32525
75797
94781
85713
70227
71959
80839
18149
82405
78203
22429
73325
69029
92893
76879
57361
85367
40563
78823
22165
95151
85073
49457
53983
13173
43719
64307
86001
68083
23565
76839
87917
89545
78353
41609
55003
35225
18321
67639
48953
49245
62043
69597
73807
99289
49839
72233
57711
90177
65765
87039
57725
97013
95185
24491
91583
37097
51967
74151
38609
1319
68377
72447
64799
94609
79915
22713
69219
81029
75031
91805
97357
25883
34319
92467
49057
61487
17199
16259
24705
22329
53605
19053
28197
56037
89555
17527
42279
68275
19299
11071
77397
49909
15501
19505
43837
83109
55635
48551
13671
33379
36315
2291
11829
18963
64165
9355
93483
57485
49137
50845
70067
35877
72185
83987
56437
54773
38249
35165
72061
69949
11467
8469
63387
80473
15809
30041
72775
57019
25153
66513
22571
40245
3101
92151
90173
87779
31565
31397
4799
52157
44975
94911
82327
13271
58099
54225
71067
58451
18327
53461
48651
58977
79433
64257
16675
26951
93057
34689
27481
95663
66515
56529
62053
33565
92791
38343
70475
7931
34583
13997
6223
99697
32969
87341
34103
36635
27507
84985
24137
29893
35841
18029
10331
52833
19775
8953
70251
39243
22529
89795
86119
67877
1351
32551
27867
17221
8905
4791
16751
88549
45729
13887
19567
62117
80657
40387
36103
67313
83523
97323
28897
98993
42335
41053
22701
687
42781
43371
95025
59521
44293
82351
21327
48321
78581
46087
21633
14735
9571
24497
99647
46053
67819
23901
13005
28263
29413
31067
23943
39307
48703
60465
42241
1377
44197
90823
9481
34297
74615
52977
91983
68185
20859
17789
6847
6839
63871
29651
34155
34993
44187
23149
51105
35657
45563
48071
34767
47709
54309
52915
73735
53177
75817
85163
43453
62551
91923
55375
89885
60503
92571
7379
63551
87635
40963
2589
73209
77017
54525
19115
13789
47529
85489
95325
77671
6017
42049
67851
63187
92035
62583
42473
17037
55961
96757
63501
98139
46257
62887
94095
19203
127
33133
9439
56989
25097
97975
82609
1329
64071
1945
2289
8247
6077
21759
29731
63247
55097
22533
68129
91317
73983
66679
77001
78073
19155
48009
98837
80561
2659
38361
44013
26823
71289
85137
38585
6845
24519
52519
38793
74313
63435
17615
76125
40749
62573
23453
22763
21339
91679
20073
63837
2037
14711
64873
62309
28667
24973
16833
72789
6381
73123
3279
98047
64033
93409
94275
61147
2785
51909
22267
63637
32283
74641
16317
12081
2651
25685
87283
98537
72685
67057
70661
34767
40199
98101
72819
2411
96853
63273
48395
21065
98341
35465
11237
66475
52483
28127
4431
31645
43263
21263
17867
90575
39519
94603
48469
97483
95045
49167
88173
59417
83217
34279
49201
60253
77799
10767
51165
51471
20395
25955
28545
26495
49809
9439
36689
2987
56675
95741
519
51081
78419
48767
10887
61177
49241
967
51091
47211
13749
28405
87125
79689
29515
17983
71333
58787
74147
55197
9025
80007
23817
9437
16445
3223
41073
39283
52537
53181
22259
98543
94727
28023
63959
76331
76959
89181
21605
39703
1171
42603
86021
91117
51699
71745
34315
60665
78051
33285
52895
64575
44703
50393
85947
43725
45385
20785
11187
13339
45659
27733
25159
62553
8087
61213
41213
7485
99143
34445
34305
79977
26167
59909
91273
78471
63201
91725
73801
47549
1329
98909
36683
89037
47975
5403
49745
15553
71033
15053
98683
89251
73257
49
88425
38243
41459
98307
66945
84211
36707
35375
5521
13573
18881
97071
47843
63399
29109
42055
63209
74399
56557
51377
71035
20313
18597
90875
58859
70979
71669
10587
48437
75287
8635
95861
58705
74457
25913
89355
27485
3909
45641
7015
427
72525
41393
53685
17275
95589
93957
69807
79861
68199
32043
99045
66101
35881
2263
12095
37585
72599
29395
15681
53713
49977
3935
82361
93821
50443
98775
86171
42079
13657
38623
10521
51441
33385
78749
8449
10393
39423
15359
70373
10637
57257
75411
80329
68693
56189
47455
43639
89359
24731
12377
86961
25751
77553
20881
11575
33119
14165
28775
96399
26019
69115
29353
74137
89187
64157
16405
11197
60383
457
41467
52657
14857
78549
34321
45159
93687
85619
86165
67595
16607
83181
97411
22571
19931
46633
86023
41059
68549
45703
65923
78205
24167
10043
71679
43427
12709
23899
84775
92533
37163
22829
51217
22321
92329
54739
91433
85623
64701
56273
27491
69171
87507
55019
64903
67995
26865
17767
11761
7497
86389
84169
76049
99215
12093
9099
62069
36095
98999
23047
99945
72371
16735
46645
60985
63383
52257
46313
33857
27517
25521
66867
56159
15809
4747
11991
3523
61431
9933
54533
68691
5437
28909
70629
52881
70929
95711
68129
95059
85809
4643
18953
82459
65759
41805
70003
80349
41363
31371
61481
42131
3265
50491
92775
5325
51085
50431
44613
28107
81243
32885
81189
96311
57013
16389
90309
53489
82999
64399
1301
96579
82045
92617
66029
12557
30681
20277
12385
98545
66327
42731
42307
20881
30325
75911
45861
35331
70419
66417
47143
11721
5787
23491
43275
93049
83885
79007
61579
10011
87317
20995
89123
72603
24183
32587
77789
36271
72935
72121
32663
18157
46939
83745
26381
56513
86533
73067
4267
66685
18499
91233
86165
7579
21889
41547
77933
87741
10179
37493
76015
161
98193
26189
35397
89829
91527
2301
45399
23881
40311
79089
7559
20359
62309
65267
68129
46975
81481
16829
76153
8993
3867
23289
73737
12265
13289
28175
83371
42909
63887
79377
78363
49543
19197
99623
4517
81461
15575
65617
10205
70691
83501
18689
24143
45657
3349
96593
41611
23733
20459
93985
27535
25599
74985
13725
27203
56379
85231
56431
30941
14945
52183
82521
33037
99983
70553
58609
18869
48525
63969
23067
55799
76869
78097
5423
63863
39001
13637
68057
55575
69373
63763
85105
50963
11079
57031
80279
24231
63575
72829
17057
76593
68837
69
12089
38473
57099
45863
32213
13291
15461
26941
4345
35585
42165
93043
1179
62649
48997
45393
31207
22683
65829
25041
335
25995
39413
85721
94713
91069
99421
49077
45873
99153
65367
8205
22763
54695
78631
79851
6965
2293
71217
99971
46481
601
97247
13813
60205
66801
70323
80647
19075
87561
40701
72199
1597
94473
83083
52643
30729
68089
86367
87809
89349
87893
17379
10371
75545
43103
42679
73179
82879
68833
87973
4425
21039
83527
97375
88367
47961
14363
12473
24845
38659
65919
42897
70769
67741
37537
71929
60939
89223
7789
76273
76245
76951
96197
36785
4291
25229
24505
38681
87795
98401
62989
75373
41891
1407
76531
83715
72569
49889
15009
2701
92965
21871
26603
3103
99353
92501
58093
5165
77999
40103
35073
98949
10151
45943
37453
97461
2957
57685
97951
89139
24875
96395
51275
11777
31325
3659
1531
9419
21933
18567
68549
86739
48231
47565
10055
11813
53749
14967
56183
47865
22569
8067
86999
48879
15093
44241
14037
79499
13317
9437
54875
27505
52537
35691
11317
2605
34757
99475
33749
18733
31165
64063
73365
90923
43145
97585
23419
69059
21705
89333
51229
52473
15967
45671
31317
35901
76769
20849
29701
95929
23205
58761
48147
33925
20963
38973
25519
59169
95659
87809
86237
22547
42795
59449
83725
23987
95871
99839
59693
54673
37641
9847
31075
53559
3629
52747
78201
54671
78747
63123
10373
9981
26055
94305
75523
47943
669
27721
18685
87961
66767
77523
36853
4071
51859
24177
89601
85305
8399
31669
24145
22703
1993
79593
62845
84721
35271
31435
61201
9091
79899
50181
49033
44081
95351
4309
97163
64537
24999
81413
8853
54079
49393
12435
92013
46669
27925
38755
67479
44317
18165
21061
56251
33029
94129
24347
41129
17871
19275
89591
39491
11797
74971
38487
91691
34463
98527
65047
58123
98577
55003
61191
6153
58899
24803
43885
4515
8647
55569
76829
26297
56515
21127
4129
39547
27971
84763
58633
25211
59733
21147
52297
27449
72091
25309
99805
69313
17055
11967
57937
1289
83901
91891
47539
45751
68249
32737
62781
88311
29125
54969
22391
88735
53363
77999
82749
63643
83461
91085
62971
77349
70333
66399
36865
72291
71287
19555
7405
19135
32169
47833
63029
69503
9449
75273
11329
29911
21415
79361
78585
37455
31919
99559
18079
821
33407
88987
36335
92331
19367
30609
49471
18899
29515
33173
77921
44223
13383
39311
473
74231
40309
87099
87069
96131
65963
12521
19143
15509
3455
78825
12009
94559
31667
39335
91139
55235
41313
41761
15279
58303
65531
26471
56341
32489
96045
44683
10115
57671
71385
81301
98815
29485
41569
5419
60411
58241
65425
98483
44973
3737
39817
20867
48783
91791
2085
96619
41659
44525
76187
11929
56341
78941
503
77693
6897
8537
69517
7671
30943
31913
70409
57985
13293
56671
16435
25615
96299
90955
89627
39155
34659
94781
56921
13803
29015
52057
45469
56153
20507
70325
72169
64065
31727
50385
66807
28921
10571
30537
29531
38889
44625
10661
82555
50159
67425
40715
70067
61235
38207
98861
74423
72277
14963
53011
60907
60671
80699
45843
30643
62845
41461
76275
79421
14883
63059
82915
3569
85005
41989
74155
511
23531
95775
32281
8429
98529
32275
84221
72629
41031
74879
11783
83541
60135
56367
35593
37361
67125
99729
15255
88477
14325
24777
26425
33531
52423
83327
14201
37363
21455
15501
18527
9345
3755
5097
9
70933
23355
8945
54171
71453
73627
38735
62609
62641
79461
68419
57895
80387
13185
63567
26937
81071
97655
18309
64791
55981
47947
53443
64751
46349
89347
83507
10663
19185
78695
9449
35449
96161
35423
21359
11603
121
45399
88943
96469
29195
77165
54601
81991
62919
83233
15975
30651
41847
81591
10825
52717
33543
68457
7981
65723
36493
77135
69121
90505
97327
46373
82179
21611
99277
92425
45347
25563
80353
14637
63037
42109
3087
12903
20167
49705
27191
91437
53049
75335
89761
83477
88575
10141
41503
39147
10885
28179
71783
70009
67151
59379
96119
98595
35819
90997
61055
90137
55297
41717
15623
54725
3937
91829
38653
91233
71371
21715
89881
44813
92005
44661
15449
25319
42683
25755
14721
31909
39697
95909
34447
56515
53717
67623
25575
97079
19961
64207
59275
91475
16937
93677
66095
33429
32825
54597
82987
53571
15057
60495
45165
66581
1219
75549
73747
70777
66275
78455
46433
87063
52959
9709
17251
27059
71501
62247
88999
95981
84723
61451
84261
9315
54181
75209
70095
58259
58539
58713
26189
99989
64023
41595
8669
31711
42535
63413
84583
63557
56721
61623
55569
77607
39863
27091
53129
53651
19015
1377
14689
6883
16909
95589
99431
87523
67477
92881
99689
47087
49241
96451
91783
76687
33181
99931
18139
30539
64549
77845
49257
24907
69989
52891
10923
64289
56305
32467
44181
87525
13997
57919
39471
72319
8719
52007
53565
67877
56421
40567
3271
36399
84009
81161
73791
35469
2541
52013
90095
93175
55079
48651
94607
62471
41011
48475
45073
18699
10379
6603
16069
89385
90167
90195
81799
9875
51093
77575
40367
51021
89999
78451
52641
69079
96773
74741
20879
45239
86161
24713
13599
21409
13951
71543
93699
42719
75405
56269
4893
40487
45393
86045
81003
92657
95423
22153
48467
36017
52731
34843
12093
28683
55745
15027
60359
54343
66351
85703
48285
63339
3367
16043
27215
12569
1231
41341
42153
78883
71273
84731
54775
54745
55621
61403
80573
98045
34003
31109
59413
77757
74359
30903
46995
47031
22629
15965
35373
90163
42919
74781
40243
81983
88717
68895
72331
27575
96925
46239
25329
40113
87647
70131
66481
70399
87087
66115
35323
92397
85369
8723
95873
69637
2565
99275
55949
23481
86345
70775
8445
11691
22087
6585
52095
11639
62555
28465
34765
85011
14515
84939
53403
19847
20725
20975
7057
26419
57085
39443
99675
99907
61871
14243
90363
43007
97057
32389
86851
27157
30163
69203
739
28749
3233
79263
24705
34625
74395
32649
48079
44751
73395
28111
50651
77319
82611
63999
99079
43973
81827
83781
38855
59939
2221
80453
19103
12103
21605
78721
73539
8887
29195
34495
34793
15323
94801
15423
29881
77823
54961
93393
84359
92893
22017
30259
55051
53143
86395
40865
9375
28055
12195
66137
59017
60667
14301
69865
90031
56827
47125
79685
27241
58685
88613
66353
28649
56709
19233
38301
31293
53331
65885
9061
53111
93161
25157
93261
31551
14235
34357
20877
54637
46249
83583
38319
98853
94837
11607
46631
70523
2911
73131
20671
41599
60143
81565
54165
85323
33817
87613
24711
37161
42461
20035
59233
78631
73119
44129
26615
78367
35571
24033
51059
85159
94555
19701
49725
93877
74771
17389
28367
85631
58313
29553
55697
21823
10031
20275
14967
47713
45507
6779
23561
5385
20321
29109
90125
53377
31205
69721
63033
37375
51527
26767
30111
43577
33429
57505
32681
8127
61645
11293
62161
68687
97881
31627
63589
12527
35533
31695
40247
32043
82061
78141
14313
14843
3043
99225
97189
77847
90067
84173
28949
52361
19407
61639
52321
40279
38319
55835
67229
64257
2817
69961
57153
95057
59553
53549
53185
21125
43249
5049
9051
33659
83989
36695
81613
81975
76379
11453
34209
3827
40463
13583
36691
36593
57027
71373
47337
96559
27901
58783
94083
68165
72801
99095
68873
31371
74811
18147
69103
37067
57955
88137
4009
917
71593
35121
10633
70435
35063
28739
8291
98737
38353
95925
21737
67687
54755
90551
545
683
2575
15521
2417
44689
99213
49921
5705
36185
23401
72403
48343
64267
31899
73971
81535
4051
14147
36913
65999
45827
92431
76475
57257
42451
64755
55949
63917
64793
4705
95175
6861
90013
33753
51161
15551
79415
44375
22129
25237
52069
92961
89869
69259
86287
515
88335
6895
12667
8491
42999
58171
6505
28525
53375
41861
80369
43041
31341
1261
21939
22365
67065
33687
32199
16951
81093
43473
94453
46475
59509
10623
65317
66547
44245
74911
8739
52493
11225
53387
68093
41687
81921
14985
4239
967
63175
54287
52725
6561
44785
36963
92727
57505
11531
70083
55549
25983
85695
32675
87623
86423
40497
97895
59641
38371
64395
30747
90203
39495
1655
21177
61917
4489
96475
55301
36017
9531
74667
37781
56723
7987
23683
9003
40583
77095
31227
67035
12873
65679
84343
41801
29917
91255
75405
26355
83565
64101
87993
3859
97113
86371
2711
34207
48123
46185
22599
23977
90989
72269
96285
98529
15623
68547
70491
55029
98945
33525
99333
83833
7713
34307
38717
30775
88517
54631
80933
99215
50429
3941
8067
30595
68189
46777
36539
63891
2555
92503
4957
9091
53969
38113
14803
98915
7191
33451
24099
86665
64699
59405
24693
36059
98577
18201
6215
59903
81879
62603
46885
22969
8621
13599
96729
32047
30581
70013
15707
5699
81465
3249
64631
71657
71601
71441
68315
39893
41427
50403
27495
82575
24365
35779
36259
35335
25455
21181
93713
5655
21593
24159
83467
41867
50259
85969
82801
59369
42323
77641
14957
67789
48371
20521
12593
64369
49073
99837
22171
66811
65817
82339
17529
22457
58447
89925
55967
85333
27383
13695
42963
26997
89519
47083
90475
42545
65431
32819
75945
17181
11797
83075
71853
16153
10015
78463
42149
29737
35519
57157
14511
82689
13853
4917
80247
61255
96053
93645
19075
90817
50761
69245
24347
98047
12215
26741
15839
18431
72883
5361
11737
26809
95305
55927
33517
70283
26303
52165
21701
17461
84235
22363
89115
70665
73339
90587
8901
49293
29891
48583
11053
10707
48953
69017
90479
61157
88765
841
41189
15035
95211
38643
86031
14649
25031
823
59753
26963
57131
82169
17433
88793
6959
12485
3381
91173
63905
31235
82737
50015
1983
98471
99027
52615
89023
96077
30829
88045
89239
85531
14811
62691
70445
66709
38597
89543
76257
98755
72951
36817
37627
40029
17359
33203
52995
45797
97731
65393
31385
35071
77781
25271
25599
41787
20125
58759
49777
34013
40441
52759
90467
11329
3777
80567
22315
9817
62535
58377
15701
66219
41193
74841
48011
26877
48999
56553
79129
32695
37539
71961
89081
33003
86987
9195
94979
7303
45965
80003
70873
67345
29603
27199
36107
64541
51683
56379
80737
2231
23263
27625
46971
39161
48929
21455
27201
81013
3737
1165
48677
49949
65189
24569
64135
80441
99223
74019
54859
58053
49639
47983
43103
14381
26015
72451
46069
38013
11653
9341
29317
90511
25567
7865
54055
75835
84117
71093
57525
97275
26933
97543
27993
74725
91653
86535
87441
53543
52949
86781
36013
24265
17307
20163
14553
77627
75419
67289
32507
93123
53921
47087
61101
80225
40385
60049
63135
65579
18925
97209
25077
35665
49633
12203
97833
9947
76793
25733
21749
20811
17407
56159
13669
449
31619
73793
84683
59479
37263
75335
50003
85453
35701
24895
26799
10415
94593
72741
57289
43489
28067
69709
94143
53927
18229
94389
89879
71169
29517
96263
11499
3519
65685
94683
87159
89659
37051
41017
70593
59953
37621
91209
48227
3867
50055
61035
96851
32609
80467
89425
50793
66621
90743
6553
39263
13535
12773
56777
27603
29025
62193
2549
75739
68809
69573
56245
1593
94925
28257
13671
87247
44889
26033
35051
28579
74763
81581
87755
30957
19613
29059
82823
5535
83747
78623
87065
75331
28981
65309
33631
19921
50167
3223
61695
95655
26615
74913
11799
8411
71021
42115
1403
87961
44855
4285
19383
91551
92759
51219
77193
73073
79035
46095
92459
31035
64243
61789
56811
85575
94689
54295
97835
29475
76033
25395
99887
87219
16945
6135
38203
97
99953
64405
20597
65239
69285
88917
36527
5303
76289
20407
17161
82473
47493
52205
46841
87691
49111
62957
83951
28399
9265
23083
82407
35969
29103
49155
41339
18009
67763
753
81907
53759
25127
61085
51481
98867
28919
13991
70739
37791
65193
68245
17099
97687
14837
97063
11503
49893
36827
12969
79989
72319
63775
22453
23089
81341
30391
29493
21101
80799
61817
65651
99643
5061
12215
71651
89489
48565
55589
70077
78033
16513
93409
42733
95623
25867
10825
4433
31037
65953
32105
95909
55935
8065
98629
18785
44099
19953
95599
40873
91911
51561
75043
81127
84221
14205
60315
82607
47071
64891
81381
7061
7473
60877
10613
26019
59341
17249
66909
45203
59869
74679
13235
84903
43801
3709
47951
31451
94845
87199
52037
57995
59523
11499
53861
98079
43095
19639
34265
999
5421
247
97057
2009
85295
87337
9669
1379
64679
73333
15299
74521
40641
76013
73605
60493
25079
23517
37485
3373
76879
71509
23179
66143
8733
83953
6833
13853
49995
51499
64303
44629
29331
49125
73345
78973
36553
5633
63155
72049
75025
12745
73957
67179
41549
30683
65323
72779
87019
24577
63101
95595
19493
63153
24989
83061
24667
28127
77847
64091
84739
8967
79853
55079
32933
47689
59889
56711
64373
66449
22609
5399
19631
43723
69547
62191
17263
4903
86555
20585
69245
28679
82783
91105
41493
63665
83227
82937
26569
76991
30611
79599
305
68145
42951
67045
65887
36485
9693
42957
94635
66291
27271
90761
22623
57121
59171
505
85681
3151
78369
11013
23031
85291
28743
87295
18815
27823
46639
40071
75911
61651
36089
91781
99799
34699
71015
51493
31375
79521
48547
48639
40619
22061
1047
86557
46183
66185
27021
47457
16111
87213
525
10321
2987
15703
56049
9969
40059
79697
72181
61065
70725
80091
28623
14561
31625
76249
80863
62657
95343
95389
60739
56645
1013
69471
48081
82951
42603
40535
81565
80257
48293
36147
83443
79101
59333
72323
18265
16737
96105
69979
94483
97681
8139
60653
21753
28299
60173
23199
47689
98325
69843
75259
30205
67617
27699
94459
23343
73461
13817
41701
63455
67417
79319
73999
74227
88083
71435
81109
78079
3
38705
6833
78647
60501
63699
26397
75829
20105
4897
32757
43517
38785
87037
74709
73683
71751
21321
91137
30565
59095
30379
6267
40785
72663
21571
91915
53787
29377
95883
78909
97607
10443
45267
20241
78729
23543
66863
84105
15575
22381
17315
43737
77753
73171
48609
14789
35997
13245
67397
83401
94927
15739
74755
96705
47505
76701
86795
92985
44339
82063
77257
43299
77877
30733
31437
84033
5577
34781
97655
16653
8141
89749
28531
12485
63797
65503
71673
85521
56277
93269
22275
3497
6533
71419
11459
38793
26569
58355
83781
80957
61325
14703
28193
56663
22217
39685
16193
16683
20011
63407
3527
40301
7595
10989
61721
2419
16719
84277
81069
21609
81339
67267
26561
99803
26365
34281
10805
24581
37847
50559
16169
99181
58873
61081
47397
58469
85821
55621
86905
41499
77111
38897
72309
13767
41965
64961
887
71711
20129
89751
21797
42633
63509
59165
28725
46939
81071
33129
43079
99097
54507
77829
231
67803
62005
90389
81313
55531
88445
49171
94705
27013
29939
19829
18181
84181
83163
80959
99953
97757
77699
86575
19243
31259
68897
39583
94441
9723
71087
15505
93231
77145
73321
16823
52807
78779
23689
77257
31757
16027
99073
60311
9179
25395
98141
54547
37161
19715
89193
38879
12913
59045
26165
40979
80191
64767
25237
11369
79431
52475
50523
62361
92313
15313
3763
27817
13187
94647
86931
26551
13957
43135
98083
20451
90959
33397
79403
93999
10873
78961
44561
78281
90331
73403
21229
70313
57337
24313
94349
48731
43847
15713
64673
3467
89625
24231
11875
90881
40015
39673
52071
58539
79517
1839
94001
72163
69927
25755
57637
23463
75089
30295
99497
99901
21157
98629
14737
10299
16089
80931
98123
19121
25733
87795
31153
36277
38417
14871
32905
69823
42257
15039
6871
58733
7187
30411
83145
91055
42717
80711
94801
60115
61939
43421
87767
74095
5471
54413
96887
25875
1839
12289
43397
52959
14481
64133
18335
34635
82117
5369
45759
60955
79053
71267
61037
64247
1245
48401
53569
613
41753
75459
87959
54679
61425
70203
90287
61343
5297
51631
37841
18233
96283
89225
15661
17937
91285
1025
85557
52785
97317
40389
44731
30963
68581
14937
33419
42729
78133
38023
53563
6501
88795
10495
48245
79977
21895
81025
90931
96151
12997
1235
17259
17791
16855
50745
50301
15477
35493
98317
373
77287
25047
65305
86707
24447
76081
32745
62653
77687
76273
30519
21603
53467
42635
63797
77833
68903
24347
72727
90401
99827
61049
2247
91753
70037
73147
91589
71463
52827
75329
34503
36259
59453
77859
67393
19895
45601
43005
66813
39627
8717
12601
82009
17391
13331
7533
287
48429
52363
18851
35185
52861
20281
30177
37563
25543
52041
52591
58039
29121
73135
58685
47241
82763
98871
15855
90247
18109
20871
8725
92337
26811
42699
38497
79655
13383
82035
15651
7387
69911
52839
29423
28613
28663
62453
72241
89693
31813
74847
76811
61331
81805
67633
92985
29867
9975
7407
74719
69333
51421
17115
13945
40259
98039
2565
28897
25373
77451
27487
62441
60769
22771
35837
56317
14049
84853
76857
95447
25793
12693
18423
5657
19283
15981
57223
96529
1151
61161
26911
82995
91203
35979
39087
40307
97015
93869
20141
70595
14019
31955
71551
73303
92417
92087
45059
16893
6529
29383
38277
21423
18493
2553
38275
80731
22779
92519
77951
75453
36381
7395
81433
72767
25585
43811
78437
53001
44487
69817
45597
41353
47237
78563
99671
64235
43085
2579
80289
48303
17607
60179
16369
45867
17523
22493
27485
89141
82365
41025
53837
30697
4089
51633
28105
23983
11805
60913
5779
17987
91405
26503
10955
76511
11913
9145
45501
54663
5573
73119
6007
21817
42631
87273
86215
16183
73119
43105
64683
97649
90507
45305
49023
59795
42761
31435
15075
43919
44659
71813
19807
76509
60537
14591
68229
31121
33525
4807
54729
45863
26801
47135
50135
81553
26547
4027
41255
82809
55411
17229
99479
77519
31215
25321
49269
95275
67427
30037
49393
56097
5797
21007
51973
21407
67661
92125
51063
33883
64913
93931
18619
66741
37675
25235
62917
62393
31305
60573
86015
80743
73355
97963
655
65205
4963
82469
80061
83285
40373
3745
58423
49121
4649
35215
53255
52345
12931
15957
33255
23821
45415
38431
63801
92549
35993
29471
9055
96975
75547
98257
93415
52023
82069
87883
60163
46947
85979
70379
56957
77463
79603
20575
43821
67159
30585
9407
71405
22809
6071
37759
12539
85975
57013
15595
989
55215
63303
22089
74101
34911
1701
56287
19343
79423
57411
20101
36367
3875
32071
45093
71719
92409
22941
8661
87847
28271
53665
60529
53383
82035
74563
28447
52327
15149
91213
50515
24229
39681
5607
27251
63739
42669
65477
86631
72175
92605
37841
72297
59177
7383
21891
23947
83523
24509
27967
48511
66595
81797
57733
72713
66647
70341
39913
16571
4745
57419
75449
28389
59703
37679
86213
95257
45279
56393
5529
17521
23971
52285
26579
82315
96387
10515
44251
81211
96609
75131
16291
37671
75815
73137
76255
8105
93435
23273
2777
37693
98063
90583
41601
39545
7669
81419
81313
91369
86739
91867
68865
46913
95167
4273
58125
98759
21339
96799
33489
16951
67033
22263
73773
24049
98473
44573
79995
84943
96753
4097
57915
63139
22625
41737
61921
50351
20963
66553
339
68365
85581
36537
96461
54361
79047
51079
13141
64529
40859
36257
71135
82961
13829
71525
65075
57721
86031
9381
46287
22105
63579
33675
6623
69159
98697
86619
22041
51
62125
3105
79911
24813
10825
39823
18321
88851
87357
28801
71217
51639
84327
59591
37345
40839
62093
52775
31391
67415
61977
70265
73315
49545
12705
14095
82205
61721
54105
28135
49153
40643
92911
54427
49791
20927
22127
83095
66079
353
197
59841
22221
79231
36817
68309
79481
20591
75803
45661
94121
71733
31967
70309
52907
88703
74485
73153
63025
33207
87173
41865
87695
21519
28875
86187
3315
98691
28317
96203
48295
65707
79675
32073
11669
70867
59001
21891
97357
31999
757
50771
30947
28665
79085
29293
68993
59797
21599
53215
66865
11085
27897
87709
75855
8167
53809
73611
66561
76093
30527
68277
56573
38645
94435
22137
68043
53359
36311
76671
73661
51919
89599
81899
8491
36373
60279
8335
67015
9941
92349
26801
5391
40847
7239
52771
969
90079
84429
24249
84191
74359
83247
25771
14733
11881
23359
69863
14549
66665
67715
64067
37437
82687
28747
97963
64545
2437
10387
97713
90291
17055
27047
67029
52243
81177
83207
79729
9699
31289
4915
58345
7583
89341
75725
50767
7797
96255
49967
98801
11451
80169
29925
20871
29677
26695
60325
40855
93505
47265
78095
76487
86571
20473
44761
28843
85543
47
44439
66247
12445
88723
56685
25139
81013
63279
37607
47855
12843
74183
96961
24511
4197
35729
11183
44211
98681
8319
42829
88651
86805
52035
53165
46151
52885
73251
30083
69483
85925
70471
31445
14223
90441
21365
38033
90261
21321
13477
71461
36843
37593
41047
92563
22071
11753
69993
82953
74299
45839
6657
60967
36919
32987
19091
48151
99151
78033
10269
97479
86481
10193
59171
78013
44207
7
72461
49627
42729
45139
60385
34113
61771
1295
29001
96987
21563
50059
40419
20007
63401
27739
23817
24567
55163
80477
66665
48915
74179
65847
73725
20839
62063
62771
40059
39151
98207
85255
81893
22893
80329
89273
33743
72763
73933
23089
56637
18117
18363
6635
38379
51377
51867
8261
61413
33073
15755
47205
45851
3525
42233
78919
45703
95345
80819
3889
12985
92877
95225
93295
35271
77939
44703
3201
48857
78581
3235
2787
30429
78421
93979
26121
3287
99541
98557
92421
66537
12617
20033
35903
6555
13279
63203
38845
19277
67397
97945
79229
63721
35015
32921
6305
95985
67051
92799
86975
99745
70727
66569
67319
90597
24217
92443
19305
30965
13755
83911
81081
60767
42165
65295
87307
67353
11747
84501
11183
37355
23123
8303
957
7471
98857
21727
89039
77305
189
64907
75633
79939
76773
55547
72171
69285
87949
65011
22591
1095
43609
69685
34663
38977
13947
74431
60483
96909
88465
63185
86367
27247
87241
92409
90367
62519
87829
34663
15041
47523
62713
47015
59787
38083
34301
6013
48975
24295
36615
98707
88341
93699
91455
14599
52775
54957
69633
31455
65967
30637
89993
25323
77477
3411
8217
66535
68551
92615
93429
65377
58373
87729
51075
63819
99943
15703
17219
27907
82437
35937
34791
98203
6443
41175
29499
50443
78097
89833
31685
97115
27755
48935
53631
71537
95641
67673
69331
59543
12725
66207
32105
99213
71849
94229
90777
67553
5371
73313
5473
31091
90765
12425
67665
74537
32003
23659
41515
23891
31929
41369
83087
32693
72335
85599
47857
37637
29231
49787
55315
86031
93955
19307
4821
42519
24591
6955
86849
37035
97539
44363
55145
94339
58681
5791
7865
73577
89181
45117
26841
